17742 19899 19422 18299 19417 
19127 18820 18445 18078 19244 19094 
19411 19645 
18328 18208 18061 18188 19243 18228 
18539 18037 18226 
18409 18970 19221 18573 
18277 19484 
18364 19474 18867 17791 19233 
19357 19183 19819 19303 18500 
19227 19967 
18566 19623 17933 17994 
18553 19651 18239 19995 19103 17723 18129 19939 17943 18477 
18120 17866 17992 19385 
18955 19833 17911 18939 19046 19270 
19486 19031 18559 
19937 17789 19675 18000 19298 18168 19380 18234 17773 17917 
17987 18470 19290 19709 19308 19509 
18113 17775 19041 17725 17705 
18058 
18793 
18961 18170 
19331 19969 18423 19731 18250 18016 17782 18147 18461 
17719 18273 17770 18221 18578 18028 18368 18489 18610 18243 
18384 18620 
18403 19124 19562 18199 18833 18317 18821 18693 19094 18545 19507 18753 19554 
19912 19893 18346 19763 19758 19123 19921 19122 
19973 18071 19259 19510 
17982 18543 18353 18000 18749 18153 19700 
19554 17866 19718 19647 18821 19300 19015 
18529 19361 18668 19382 
19039 19653 18934 18110 19116 19016 17883 18310 19072 
18813 18570 19817 19314 18707 18100 17955 
19931 18687 19773 18651 19288 18495 
19224 18407 
19842 19471 19263 18509 19130 17800 
18771 19260 19483 
19205 18794 18368 19416 18079 19828 
18765 19005 19530 19391 17782 19256 18902 
17794 18446 18133 19626 18059 
19594 
17922 
19277 17874 
17869 19664 18339 18181 19936 19167 
18035 18548 
18162 18479 18176 18441 18019 19965 
18374 17747 18705 19801 
19208 18201 19198 17987 19848 18110 

18886 19929 17817 19243 18822 18011 19197 18357 17900 19101 18222 
18581 18992 18769 18529 
18755 19122 19087 19481 19618 
18150 
19340 18855 18730 18501 18199 18922 
19730 19536 18358 18070 18998 19825 18885 
17933 18554 18594 18538 
19546 18813 18292 18192 18173 19071 19697 18178 19889 19334 
18628 19600 18517 
19341 17889 18890 19075 18383 
17813 19251 19661 19617 18484 18060 18689 
18951 19386 19644 19902 19929 19514 19584 
18542 19714 18494 18187 18866 17925 18390 19202 18476 17750 19374 17786 
18578 18622 19240 19160 17974 18250 18528 19486 19854 
18859 19798 18677 18470 19061 19882 18957 19406 19739 
18433 18493 17699 18138 19996 19855 18970 19257 17886 
18566 19642 18008 19408 
18706 19082 17989 19843 19307 19434 19084 18102 
17770 17794 
18351 
18347 18192 19072 19367 19457 19705 19781 19549 18245 
19178 19902 17744 19502 17862 18524 19659 18645 18832 
18240 18868 17865 
19275 18294 18438 18193 
18762 18615 18905 18590 19697 17710 18653 18090 18360 
18193 17983 19613 
19490 18757 18922 18641 18949 
17795 19102 17823 18910 
18482 
19659 
19702 19423 19858 19818 18345 17863 18043 18426 
18706 18620 18142 18458 17746 19527 18157 19305 
18940 19155 19096 19471 18000 17896 19994 18848 19780 19496 19246 18091 
18638 18346 
19842 
19682 18911 
17724 
