4573513738
2815389931
21164853604
4678718404
6695569044
-7876654872
7306121228
3086242610
14977670342
3816856257
-9878056164
-7768578455
19273901569
491277656
-2298733393
660321543
2547416445
-12407407541
-6369300431
7640308688
3546187678
-4705300217
-2031248468
8566437675
-11269769832
3840548282
-13731880805
7253140846
2738343642
-16356429252
-517362312
2722458695
1421235629
5483108552
17317858164
-7299313609
-8744796706
-10871552782
10074065129
9078086393
-5798725637
-5634060628
-13985278192
516412555
2480149679
-6079257324
-1990577374
14478587195
-834898422
-6687868768
-11332289064
-17950402818
-10426810878
-10517828017
10535871245
-5214456110
-1619792918
-4830001910
1139407411
8248300103
-4983856885
-7693238445
9480303281
-5800584123
5703487376
2269328290
7876704984
24732927598
1147174154
-11955554230
-4684450656
8000669787
4322262565
